gridtype = lonlat
xsize = 1       
ysize = 1
xfirst = 13.22900
xinc = 0.01
yfirst = 45.60611
yinc = 0.01
